star_A 180 18 86 3 386
star_B 310 636 80 86 136
star_C 61 616 33 388 800
star_D 801 166 180 380 668
star_E 800 66 666 360 131
star_F 366 8 331 316 318
star_G 616 368 811 336 111
star_H 810 306 636 318 606
star_I 10 888 683 611 8
star_J 81 388 31 383 363
star_K 333 136 130 830 663
star_L 866 608 880 131 830
star_M 811 130 30 30 168
star_N 630 383 608 863 68
star_O 188 61 166 100 33
star_P 188 363 11 863 16
star_Q 863 80 166 168 38
star_R 8 6 616 683 366
star_S 360 811 110 183 683
star_T 863 383 110 11 860
